11.564692
10.920465
9.797676
9.188186
9.006856
9.251087
10.074408
9.0434065
9.879797
9.192561
7.428385
10.732434
8.946553
8.960992
10.810544
11.746877
10.1233225
7.0928164
7.251414
6.9638476
5.628728
3.316421
4.1439753
6.4835134
3.7709064
5.577999
5.120013
2.7956595
5.711809
4.521727
4.630992
8.07675
6.95161
8.982593
6.3027697
5.0085583
5.760474
6.9923506
4.2313166
6.627408
9.804378
9.613088
9.004312
8.981332
9.059255
8.9620905
10.239085
11.269661
7.6131306
9.454957
10.886096
11.512459
8.44428
8.365641
7.6027246
10.536403
10.089631
10.087477
11.172475
12.57404
12.974715
12.250393
10.637428
10.494454
8.894926
9.944318
8.214175
7.901497
7.71423
7.064231
6.225582
6.206631
6.306031
5.9217467
3.3009734
2.4357378
2.9683108
2.9646966
2.930019
3.9624538
3.5507796
3.462995
3.7377605
3.2683914
5.1204867
3.8281388
4.1862965
4.9839582
4.520171
3.757353
3.1652796
3.9450088
4.897407
6.168505
5.2569485
4.4686203
4.8845563
5.8945184
4.901679
3.634941
3.3847501
3.284988
5.847104
5.416665
6.0473785
4.3646703
4.6908326
5.4865427
5.2163744
5.416613
6.9040213
5.935841
5.9091887
4.7254343
4.836542
5.539199
5.434558
4.237328
4.5933504
4.462084
3.4685788
5.0643787
4.5986214
3.9487395
3.826501
3.8617465
2.989787
3.2653446
4.037663
3.3627455
3.0219264
2.6970155
2.4117916
2.2148263
2.3055282
2.4909391
2.8786912
2.8324125
2.9932077
3.0403256
3.7572217
2.357258
2.9180822
2.1629512
2.6061764
4.4704223
4.8537016
5.3059278
5.8355002
5.253744
4.2944946
5.710905
4.632006
3.8514469
3.2230341
4.2753363
5.6757255
5.078711
3.907095
4.2764254
5.499693
4.972885
5.472451
5.0550666
4.627499
5.5744796
5.7657323
4.9576273
6.286049
6.0662932
6.047199
7.609942
6.5178666
9.262657
7.692255
7.507062
9.162826
8.737053
7.4283285
11.29479
8.868439
7.6849113
5.7672253
8.262109
9.535252
10.677947
11.229792
10.6871805
10.16614
10.879579
13.491714
13.584221
11.058991
13.236751
15.297388
12.992032
12.431587
13.525914
11.708687
13.731409
11.623289
9.749749
9.09354
9.427308
9.625045
9.360011
6.4223814
7.720576
8.597567
7.7203546
8.284645
7.3356905
8.252735
7.918406
7.427702
8.40564
9.317552
8.94056
8.675791
7.583299
7.9142585
8.912565
8.052235
6.490804
8.482736
10.773318
11.249569
11.201202
10.633934
9.875333
9.774528
8.72296
8.849731
9.949989
9.425285
8.77063
8.0060215
7.3179407
8.566125
11.226634
11.459743
10.521054
10.029544
11.662275
12.531666
10.924508
10.060625
11.73114
11.198816
11.561762
11.7279625
11.274488
10.738255
9.8954115
10.615196
10.285797
10.9016075
11.098068
11.05835
10.642531
11.546
12.290411
12.480897
13.117764
12.036964
10.629991
13.799663
12.096717
8.673167
8.418112
9.469137
10.361166
10.800589
10.591888
10.320576
9.552973
9.441521
10.368552
11.0105505
9.917167
10.11144
9.167341
9.88954
8.301004
9.633436
11.412501
10.594979
9.755116
8.780837
9.107763
9.565995
8.59842
7.938327
9.467779
10.282113
10.469587
9.355352
9.459369
9.795975
10.608525
9.8732395
9.012583
12.247794
11.983027
11.308029
10.273814
10.516913
11.487261
12.273392
12.321232
10.282966
10.208751
11.604014
10.01294
8.027071
7.3506703
7.2488813
9.462584
6.8931584
5.9538674
4.4473834
2.9669363
4.318595
4.6432953
3.871805
5.7072716
6.12856
7.882356
7.460118
6.4478164
6.5708222
5.385183
5.0052614
5.116867
3.6577778
4.344357
4.180647
4.6678796
4.334014
5.737965
6.678543
6.9585032
6.584132
5.3555264
7.753795
6.481331
6.667485
7.699308
6.6745086
6.510032
5.881289
6.1817694
6.4516325
6.282581
7.170702
6.8336596
6.9840355
6.12907
6.8431177
6.8995605
7.04575
7.244485
7.099492
6.3874693
6.675993
7.7948337
6.7954493
4.9560757
5.689187
5.740258
7.1762333
5.7130985
6.4964676
6.8850226
7.1192102
8.852569
5.859425
4.726976
4.2335296
3.8621786
4.7187853
3.3686764
4.408749
3.6445725
4.950231
2.8048236
2.520325
3.472073
4.179289
5.242694
3.3792572
4.367682
5.803695
6.77549
3.0182197
3.7694232
2.9359744
5.098674
3.7207088
3.3897247
3.0687695
4.194061
4.5079236
4.5089073
4.006303
2.290051
1.5559154
0.0
0.0
0.86390865
0.98401475
0.0
0.0
1.0499432
3.1514003
1.9069622
4.452927
3.5548713
2.1621344
2.185868
5.1695614
6.7410707
5.451328
6.289034
5.9752955
4.1969924
6.0336013
9.286823
8.638865
9.937848
7.493156
7.3941364
6.7288933
8.5915165
11.189889
11.834545
4.929495
4.0576754
5.3991294
7.008509
7.9805045
8.330115
7.751019
9.203537
9.650115
6.9574537
9.159482
11.730165
5.2597136
7.9997063
6.5815406
7.167356
4.6725698
5.1393623
6.3005424
4.354111
8.15554
4.3443604
4.819021
3.6385698
5.117823
6.5002785
3.890589
4.3488817
4.801128
3.0522294
2.9107502
4.909418
5.9874897
5.688877
7.037923
5.661539
3.7212677
3.622269
2.82953
3.497517
1.3083465
2.3052018
2.781217
2.8738236
6.327888
4.681668
2.8906507
2.456451
4.0658917
5.170099
8.848917
7.011933
9.10285
9.908818
7.37664
5.1817284
5.727057
6.7059484
7.736091
7.4381533
5.321371
7.085948
2.4623487
6.993959
7.881149
6.2536597
6.442136
3.271402
9.647658
10.731897
10.84053
12.951495
9.109739
9.857298
9.318175
7.909042
7.703006
8.738657
7.6985335
9.990244
9.845781
9.851305
7.6776624
6.2367387
6.73286
7.530836
4.9263663
5.9944487
7.862554
7.1819816
7.6928835
8.892215
5.516789
6.222756
8.332855
8.842456
9.426112
8.472085
8.6015625
6.760366
7.065289
4.530346
2.2514265
2.5781722
2.4475887
2.4130325
3.1400924
4.9646444
4.7383513
2.9478061
2.7664971
2.9713607
2.6896126
2.9946165
4.8912926
3.8392246
3.4547598
3.7570567
